gcetcbendorsement built from github.com/google/gce-tcb-verifier 022f7554a942 (2026-05-21); root https://pki.goog/cloud_integrity/GCE-cc-tcb-root_1.crt sha256 e876bc6978bf4f3da445f98a0a82363c8c0bae5a1fc033c6df65846a6cb0f18c
$ gcetcbendorsement verify /home/pniroula/Projects/gvisor-cloud/docs/snp/evidence/cloud/probes/endorsement-2d24cf9624ee36449e50c6c84042540b05898f6559f02741b7b354e0cc2ed18d108352ade7dfc4cecce4fa974e51c773.binarypb --root_cert=root.crt
exit status 0
2026-03-12T22:55:37Z
882812715
759990eeb41a221879ebb42e7ea054aca8e64c7e54a7fdcf152e59a916f062a769c31171b574e51d7f04db4af7c704bf
2
f73a6949e8f3473b9553e40e056fa3a2
4c1ae922664b4816abc187f0169eb293
458752
4: [225 188 218 222 249 40 135 203 69 18 192 121 196 133 207 0 145 0 207 134 210 39 106 39 218 43 30 157 21 13 209 27 11 92 198 212 180 11 188 159 240 87 91 99 246 121 220 35]
2: [45 36 207 150 36 238 54 68 158 80 198 200 64 66 84 11 5 137 143 101 89 240 39 65 183 179 84 224 204 46 209 141 16 131 82 173 231 223 196 206 204 228 250 151 78 81 199 115]
32: [21 66 115 66 170 186 136 8 160 6 18 117 222 130 183 63 66 205 46 101 55 192 179 225 195 16 236 213 57 64 63 71 10 210 79 95 232 222 38 178 122 249 209 241 133 103 34 198]
96: [132 30 114 183 224 44 86 221 228 5 253 39 36 39 135 234 32 148 144 224 192 220 14 57 192 116 194 200 185 101 236 79 32 178 70 85 236 136 208 29 83 119 113 150 182 26 173 197]
16: [174 231 71 223 35 83 249 55 29 240 229 237 8 158 179 76 172 178 46 97 101 203 254 76 154 102 216 31 201 113 208 177 82 189 220 44 179 81 148 20 52 55 77 68 121 125 39 246]
64: [62 116 215 39 193 79 160 237 212 64 46 136 113 36 58 114 53 81 6 170 209 26 139 185 27 216 94 37 168 173 107 119 107 201 147 86 12 239 240 58 145 135 71 103 10 66 246 164]
128: [101 212 111 128 85 64 248 55 90 107 143 189 156 10 169 74 51 21 131 87 27 199 225 29 161 95 141 43 13 132 186 158 197 148 233 137 174 251 172 58 77 71 246 167 8 52 154 225]
112: [249 144 162 255 179 211 228 31 59 99 231 216 123 69 136 43 55 102 6 47 243 229 27 249 42 239 83 189 46 74 152 215 5 153 119 167 112 182 174 31 51 113 97 221 67 21 10 109]
8: [99 225 237 0 37 45 110 71 208 249 83 176 234 189 8 81 32 91 165 254 166 215 110 183 8 168 240 46 124 65 182 35 60 145 21 94 121 87 97 244 228 44 235 44 226 219 37 50]
24: [69 24 65 232 216 20 53 66 18 88 252 38 226 129 129 238 91 34 171 233 67 107 8 241 212 85 176 215 80 89 155 166 127 228 79 249 252 105 251 221 155 107 149 175 137 14 33 57]
48: [41 109 227 133 170 227 0 123 99 25 236 47 29 115 42 179 168 103 139 50 4 7 180 139 67 125 5 223 180 135 53 132 186 196 113 78 167 185 215 123 247 76 59 41 177 65 248 136]
224: [255 12 71 187 69 162 234 148 48 14 62 175 234 202 218 83 10 234 28 96 37 6 226 43 132 60 151 159 137 187 163 173 136 2 45 141 84 124 107 18 172 1 68 14 68 233 90 149]
80: [166 214 35 132 97 25 90 148 124 121 93 61 215 26 172 234 177 177 216 229 65 137 240 87 189 195 28 59 117 137 103 13 49 91 72 216 20 154 41 219 9 105 156 38 171 75 75 7]
240: [77 34 179 144 150 12 49 11 51 61 149 9 112 26 145 172 123 51 158 108 57 76 181 111 173 142 220 183 35 48 25 80 107 147 65 37 238 115 17 195 69 242 9 255 11 163 66 109]
1: [23 44 232 139 124 218 13 138 166 237 34 15 82 69 10 204 193 237 201 224 126 113 105 70 144 245 184 51 213 202 168 102 33 170 207 218 0 109 47 244 198 21 120 33 70 170 14 142]
